gehang=[30	65	112	202	6	93	181	49	38	76	56	45	207	11	105	99	173	172	60
39	149	47	162	25	36	82	190	123	104	131	194	89	168	26	9	10	106	75
95	35	85	184	91	48	122	43	125	145	78	113	150	98	137	165	128	59	44
8	209	139	159	127	69	176	46	175	1	138	54	57	94	154	71	167	33	197
62	20	79	68	70	100	163	97	132	80	64	117	164	73	7	178	21	53	37
72	157	84	133	201	18	81	34	203	199	16	134	171	206	86	153	166	28	61
126	14	183	110	198	17	185	111	188	67	107	151	22	174	158	182	205	140	146
90	147	103	155	115	41	152	208	156	141	186	109	118	5	102	114	195	120	124
169	101	77	63	143	31	42	24	148	192	51	180	121	87	196	27	2	88	19
15	129	4	160	83	200	136	13	74	161	204	170	135	40	32	52	108	116	177
50	55	66	144	187	3	58	193	179	119	191	96	130	29	92	189	142	12	23];

gehang=[50	55	66	144	187	3	58	193	179	119	191	96 12	23	130 	29	92	189	142	
62	20	79	68	70	100	163	97	132	80	64	117	164	73	7	178	21	53	37
169	101	77	63	143	31	42	24	148	192	51	180	121	87	196	27	2	88	19
39	149	47	162	25	36	82	190	123	104	131	194	89	168	26	9	10	106	75
 72	157	84	133	201	18	81	34	203	199	16	134	171	206	86	153	166	28	61
15	129	4	160	83	200	136	13	74	161	204	170	135	40	32	52	108	116	177
95	35	85	184	91	48	122	43	125	145	78	113	150	98	137	165	128	59	44
126	14	183	110	198	17	185	111	188	67	107	151	22	174	158	182	205	140	146
30	65	112	202	6	93	181	49	38	76	56	45	207	11	105	99	173	172	60
8	209	139	159	127	69	176	46	175	1	138	54	57	94	154	71	167	33	197
90	147	103	155	115	41	152	208	156	141	186	109	118	5	102	114	195	120	124
    ];


img_gehang=zeros(180*11,72*19);
img0=zeros(180*11,72*19);
cmap0=zeros(180*11,72*19);
for i=1:11
for j=1:19  %∂¡»°À˘”–ÀÈ÷Ω∆¨
    if gehang(i,j)<11
        [img0(180*i-179:180*i,j*72-71:j*72),cmap0(256*i-255:256*i,j*3-2:j*3)]=imread(strcat('00',num2str(gehang(i,j)-1)),'bmp');
    elseif gehang(i,j)<101
        [img0(180*i-179:180*i,j*72-71:j*72),cmap0(256*i-255:256*i,j*3-2:j*3)]=imread(strcat('0',num2str(gehang(i,j)-1)),'bmp');
    else
        [img0(180*i-179:180*i,j*72-71:j*72),cmap0(256*i-255:256*i,j*3-2:j*3)]=imread(num2str(gehang(i,j)-1),'bmp');
    end
end
end
image(img0);
colormap(cmap0(1:256,1:3));
touying=zeros(1980,1);
touying(find(sum(img0,2)==1368*255))=255;
hold on
axis off
for i=1:11
plot([0 1368],[i*180 i*180])
end
for i=1:180
    for j=1:11
        touying1(i,j)=touying((j-1)*180+i);
    end
end
for i=1:19
plot([i*72 i*72],[0 1980])
end
