y=[22.9488
22.9485
22.9483
22.948
22.9477
22.9474
22.9472
22.9469
22.9466
22.9463
22.946
22.9457
22.9454
22.9451
22.9448
22.9445
22.9442
22.9439
22.9436
22.9432
22.9429
22.9426
22.9423
22.9419
22.9416
22.9413
22.9409
22.9406
22.9402
22.9399
22.9395
22.9392
22.9388
22.9385
22.9381
22.9377
22.9373
22.937
22.9366
22.9362
22.9358
22.9354
22.935
22.9346
22.9342
22.9338
22.9334
22.933
22.9325
22.9321
22.9317
22.9313
22.9308
22.9304
22.9299
22.9295
22.929
22.9285
22.9281
22.9276
22.9271
22.9266
22.9261
22.9256
22.9251
22.9246
22.9241
22.9236
22.9231
22.9225
22.922
22.9215
22.9209
22.9204
22.9198
22.9192
22.9186
22.9181
22.9175
22.9169
22.9163
22.9157
22.915
22.9144
22.9138
22.9132
22.9125
22.9118
22.9112
22.9105
22.9098
22.9091
22.9084
22.9077
22.907
22.9063
22.9056
22.9048
22.9041
22.9033
22.9025
22.9018
22.901
22.9002
22.8994
22.8985
22.8977
22.8969
22.896
22.8951
22.8943
22.8934
22.8925
22.8915
22.8906
22.8897
22.8887
22.8878
22.8868
22.8858
22.8848
22.8837
22.8827
22.8816
22.8806
22.8795
22.8784
22.8773
22.8761
22.875
22.8738
22.8726
22.8714
22.8702
22.869
22.8677
22.8665
22.8652
22.8638
22.8625
22.8611
22.8598
22.8584
22.8569
22.8555
22.854
22.8525
22.851
22.8495
22.8479
22.8463
22.8447
22.843
22.8414
22.8396
22.8379
22.8361
22.8344
22.8325
22.8307
22.8288
22.8269
22.8249
22.8229
22.8209
22.8188
22.8167
22.8146
22.8124
22.8102
22.8079
22.8056
22.8033
22.8009
22.7984
22.7959
22.7934
22.7908
22.7882
22.7855
22.7828
22.78
22.7771
22.7742
22.7712
22.7682
22.7651
22.762
22.7588
22.7555
22.7521
22.7487
22.7452
22.7416
22.7379
22.7342
22.7304
22.7265
22.7225
22.7184
22.7142
22.7099
22.7056
22.7011
22.6965
22.6918
22.687
22.6821
22.6771
22.672
22.6667
22.6613
22.6557
22.6501
22.6442
22.6383
22.6321
22.6259
22.6194
22.6128
22.606
22.599
22.5919
22.5845
22.577
22.5692
22.5613
22.5531
22.5446
22.536
22.5271
22.5179
22.5085
22.4988
22.4888
22.4785
22.4679
22.457
22.4457
22.4341
22.4221
22.4098
22.3971
22.384
22.3704
22.3564
22.342
22.3271
22.3117
22.2958
22.2793
22.2623
22.2448
22.2266
22.2078
22.1883
22.1681
22.1473
22.1257
22.1033
22.0801
22.0561
22.0312
22.0053
21.9785
21.9508
21.9219
21.892
21.861
21.8287
21.7953
21.7606
21.7245
21.687
21.6481
21.6076
21.5656
21.522
21.4766
21.4295
21.3805
21.3296
21.2768
21.2219
21.1649
21.1057
21.0443
20.9805
20.9144
20.8458
20.7747
20.701
20.6247
20.5458
20.4641
20.3797
20.2926
20.2026
20.1099
20.0144
19.9162
19.8152
19.7116
19.6053
19.4966
19.3854
19.2718
19.1561
19.0383
18.9186
18.7972
18.6742
18.5499
18.4245
18.2981
18.1711
18.0436
17.9159
17.7882
17.6608
17.5338
17.4077
17.2824
17.1584
17.0358
16.9147
16.7955
16.6781
16.5629
16.4499
16.3393
16.2311
16.1256
16.0226
15.9224
15.8249
15.7302
15.6383
15.5492
15.4629
15.3795
15.2987
15.2207
15.1454
15.0728
15.0027
14.9352
14.8702
14.8075
14.7472
14.6892
14.6333
14.5796
14.5279
14.4783
14.4305
14.3846
14.3405
14.298
14.2573
14.218
14.1803
14.1441
14.1092
14.0757
14.0435
14.0125
13.9826
13.9539
13.9263
13.8997
13.8741
13.8494
13.8257
13.8028
13.7807
13.7595
13.739
13.7192
13.7002
13.6818
13.664
13.6469
13.6304
13.6144
13.5989
13.584
13.5696
13.5557
13.5422
13.5292
13.5166
13.5044
13.4926
13.4811
13.4701
13.4593
13.449
13.4389
13.4291
13.4197
13.4105
13.4016
13.3929
13.3845
13.3764
13.3685
13.3608
13.3534
13.3461
13.3391
13.3322
13.3256
13.3191
13.3128
13.3067
13.3007
13.2949
13.2893
13.2838
13.2785
13.2733
13.2682
13.2632
13.2584
13.2537
13.2491
13.2447
13.2403
13.2361
13.2319
13.2279
13.2239
13.2201
13.2163
13.2127
13.2091
13.2056
13.2022
13.1988
13.1956
13.1924
13.1892
13.1862
13.1832
13.1803
13.1775
13.1747
13.1719
13.1693
13.1667
13.1641
13.1616
13.1592
13.1568
13.1544
13.1521
13.1499
13.1477
13.1455
13.1434
13.1413
13.1393
13.1373
13.1353
13.1334
13.1315
13.1297
13.1279
13.1261
13.1244
13.1227
13.121
13.1194
13.1178
13.1162
13.1146
13.1131
13.1116
13.1102
13.1087
13.1073
13.1059
13.1046
13.1032
13.1019
13.1006
13.0993
13.0981
13.0969
13.0957
13.0945
13.0933
13.0922
13.091
13.0899
13.0888
13.0878
13.0867
13.0857
13.0847
13.0837
13.0827
13.0817
13.0807
13.0798
13.0789
13.078
13.0771
13.0762
13.0753
13.0745
13.0736
13.0728
13.072
13.0712
13.0704
13.0696
13.0689
13.0681
13.0674
13.0666
13.0659
13.0652
13.0645
13.0638
13.0631
13.0624
13.0618
13.0611
13.0605
13.0599
13.0592
13.0586
13.058
13.0574
13.0568
13.0562
13.0557
13.0551
13.0545
13.054
13.0535
13.0529
13.0524
13.0519
13.0514
13.0508
13.0503
13.0499
13.0494
13.0489
13.0484
13.0479
13.0475
13.047
13.0466
13.0461
13.0457
13.0453
13.0448
13.0444
13.044
13.0436
13.0432
13.0428
13.0424
13.042
13.0416
13.0412
13.0408
13.0405
13.0401
13.0397
13.0394
13.039
13.0387
13.0383
13.038
13.0376
13.0373
13.037
13.0367
13.0363
13.036
13.0357
13.0354
13.0351
13.0348
13.0345
13.0342
13.0339
13.0336
13.0333
13.033
13.0327
13.0325
13.0322
13.0319
13.0316
13.0314
13.0311
13.0309
13.0306
13.0304
13.0301
13.0299
13.0296
13.0294
13.0291
13.0289
13.0287
13.0284
13.0282
13.028
13.0277
13.0275
13.0273
13.0271
13.0269
13.0266
13.0264
13.0262
13.026
13.0258
13.0256
13.0254
13.0252
13.025
13.0248
13.0246
13.0244
13.0242
13.0241
13.0239
13.0237
13.0235
13.0233
13.0232
13.023
13.0228
13.0226
13.0225
13.0223
13.0221
13.022
13.0218
13.0216
13.0215
13.0213
13.0212
13.021
13.0208
13.0207
13.0205
13.0204
13.0202
13.0201
13.0199
13.0198
13.0197
13.0195
13.0194
13.0192
13.0191
13.019
13.0188
13.0187
13.0185
13.0184
13.0183
13.0182
13.018
13.0179
13.0178
13.0177
13.0175
13.0174
13.0173
13.0172
13.017
13.0169
13.0168
13.0167
13.0166
13.0165
13.0163
13.0162
13.0161
13.016
13.0159
13.0158
13.0157
13.0156
13.0155
13.0154
13.0153
13.0152
13.0151
13.015
13.0149
13.014
13.0011
12.9727
12.9289
12.8697
12.7953
12.7059
12.6018
12.4834
12.3506
12.2043
12.0446
11.8718
11.6867
11.4894
11.2804
11.0604
10.8294
10.5883
10.3373
10.0768
9.80745
9.5294
9.24322
8.94933
8.64787
8.33948
8.02433
7.70277
7.37526
7.04181
6.70297
6.35895
6.00987
5.65619
5.29795
4.93545
4.56901
4.19853
3.8245
3.44696
3.06603
2.68204
2.29491
1.90494
1.5123
1.11688
0.71908
0.320021
0.0681638
0.442416
0.802713
1.1491
1.48166
1.80057
2.10604
2.39831
2.67769
2.94451
3.19913
3.44196
3.67339
3.89385
4.10377
4.30359
4.49375
4.67468
4.84681
5.01056
5.16633
5.31454
5.45556
5.58976
5.7175
5.83912
5.95494
6.06528
6.17043
6.27066
6.36624
6.45743
6.54445
6.62754
6.7069
6.78274
6.85523
6.92457
6.99091
7.05441
7.11523
7.17349
7.22934
7.28289
7.33426
7.38357
7.43091
7.47638
7.52008
7.56209
7.6025
7.64138
7.6788
7.71483
7.74954
7.78299
7.81523
7.84633
7.87633
7.90529
7.93324
7.96024
7.98632
8.01153
8.0359
8.05947
8.08227
8.10434
8.1257
8.14638
8.16641
8.18582
8.20463
8.22287
8.24055
8.25771
8.27435
8.29051
8.30619
8.32142
8.33621
8.35058
8.36454
8.37812
8.39131
8.40415
8.41663
8.42878
8.4406
8.45211
8.46331
8.47422
8.48484
8.49519
8.50528
8.51511
8.52469
8.53403
8.54314
8.55203
8.5607
8.56916
8.57741
8.58547
8.59333
8.60101
8.60852
8.61584
8.623
8.62999
8.63683
8.64351
8.65004
8.65642
8.66266
8.66877
8.67474
8.68058
8.6863
8.6919
8.69737
8.70273
8.70798
8.71311
8.71814
8.72307
8.7279
8.73263
8.73726
8.7418
8.74624
8.7506
8.75488
8.75907
8.76318
8.7672
8.77115
8.77503
8.77883
8.78256
8.78622
8.78981
8.79333
8.79679
8.80018
8.80351
8.80678
8.81
8.81315
8.81625
8.81929
8.82228
8.82521
8.8281
8.83093
8.83371
8.83645
8.83914
8.84178
8.84438
8.84693
8.84944
8.85191
8.85434
8.85673
8.85908
8.86139
8.86366
8.86589
8.86809
8.87025
8.87238
8.87448
8.87654
8.87857
8.88056
8.88253
8.88446
8.88637
8.88824
8.89009
8.8919
8.8937
8.89546
8.89719
8.8989
8.90059
8.90225
8.90388
8.90549
8.90708
8.90865
8.91019
8.9117
8.9132
8.91468
8.91613
8.91756
8.91898
8.92037
8.92174
8.9231
8.92443
8.92575
8.92704
8.92832
8.92959
8.93083
8.93206
8.93327
8.93446
8.93564
8.93681
8.93795
8.93909
8.9402
8.9413
8.94239
8.94347
8.94452
8.94557
8.9466
8.94762
8.94863
8.94962
8.9506
8.95156
8.95252
8.95346
8.95439
8.95531
8.95622
8.95712
8.958
8.95887
8.95974
8.96059
8.96143
8.96226
8.96309
8.9639
8.9647
8.96549
8.96628
8.96705
8.96781
8.96857
8.96931
8.97005
8.97078
8.9715
8.97221
8.97291
8.97361
8.9743
8.97498
8.97565
8.97631
8.97697
8.97762
8.97826
8.97889
