%导入两种酒的量化指标进行保存以利于以后使用
hjzb=[973.878	11.030	9.983	8.1431	2.4382	0.358	2.4800	16.1000	4
517.581	11.078	9.560	13.1357	3.6484	0.460	14.2600	45.7700	24
398.770	13.259	8.549	7.3881	5.2456	0.396	16.3900	48.0400	28
183.519	6.477	5.982	4.3371	2.9337	0.177	42.3000	59.5300	27
280.190	5.849	6.034	3.6437	4.9969	0.207	34.4600	60.1600	24
117.026	7.354	5.858	4.2600	4.4311	0.211	56.9500	54.4300	24
90.825	4.014	3.858	2.7653	1.8205	0.112	59.0000	48.8200	32
918.688	12.028	10.137	7.7887	1.0158	0.346	8.6000	38.8600	15
387.765	12.933	11.313	9.9460	3.8599	0.386	14.1700	46.0900	24
138.714	5.567	4.343	3.0735	3.2459	0.136	57.0900	58.0600	8
11.838	4.588	4.023	2.1182	0.3816	0.105	88.7900	12.1400	20
84.079	6.458	4.817	2.9348	2.1628	0.141	53.6800	50.4500	31
200.080	6.385	4.930	4.0135	1.3388	0.166	41.5900	58.7300	20
251.570	6.073	5.013	3.1043	2.1659	0.163	24.2200	56.1700	35
122.592	3.985	4.064	1.8716	0.8886	0.068	52.9500	57.8700	19
171.502	4.832	4.044	2.7345	1.1620	0.117	50.4700	59.4500	18
234.420	9.170	6.168	4.9380	1.6504	0.310	41.2100	56.0300	25
71.902	4.447	4.353	3.5666	1.7396	0.138	58.1800	54.7200	23
198.614	5.981	5.157	3.9210	9.0269	0.167	47.7000	64.9300	21
74.377	5.864	4.858	4.1213	0.9641	0.158	78.4800	26.3900	16
313.784	10.090	8.941	4.4449	8.7937	0.358	21.5000	52.8000	35
251.017	7.105	6.199	5.8009	4.4666	0.231	40.5500	54.0500	26
413.940	10.888	12.529	12.2728	12.6821	0.566	14.6000	46.8600	25
270.108	5.747	5.394	3.7669	6.8689	0.165	42.8400	59.0600	18
158.569	5.406	4.425	3.0581	2.5789	0.165	50.2400	63.7800	12
151.481	3.615	3.889	2.1798	2.7369	0.076	33.5000	62.0500	29
138.455	5.961	4.734	3.3509	4.7758	0.151	63.1400	48.7300	16];
bjzb=[1.620	1.264	0.105	0.3090	0.035	102.1100	-0.5100	2.1100
1.233	1.104	0.510	0.2154	0.033	101.8500	-0.5900	3.1600
2.009	1.820	3.669	0.3484	0.047	101.7900	-0.4800	2.9400
2.017	1.485	1.132	0.1119	0.053	101.7000	-0.8700	4.0500
1.595	1.537	1.414	0.3127	0.041	101.8200	-1.1500	4.3700
1.289	1.176	0.079	0.1757	0.042	102.0700	-0.5800	2.6400
1.374	1.202	3.931	0.3711	0.052	101.8600	-0.2600	2.2600
1.513	0.472	0.577	0.5844	0.039	102.1000	-0.6800	2.6100
1.844	1.287	0.100	0.1993	0.040	101.7300	-0.7900	3.8800
2.058	1.325	1.563	0.0324	0.064	102.0500	-0.4900	2.2700
1.415	1.276	2.257	0.1074	0.024	101.9300	-0.5100	2.6100
2.307	1.998	1.492	0.4335	0.082	101.9200	-0.6000	3.0400
1.515	1.356	2.036	0.5871	0.047	102.2100	-0.5500	2.1100
1.320	1.320	2.544	1.2058	0.049	102.0500	-0.6300	2.6800
2.530	1.807	0.942	0.3542	0.074	101.9900	-0.4500	2.7100
1.279	1.307	1.923	0.5635	0.032	101.8100	-0.7500	3.7900
1.549	1.269	0.500	0.1350	0.132	101.8900	-0.7600	3.2500
1.330	1.343	2.878	0.4211	0.038	102.1200	-0.4200	1.8400
1.963	1.343	0.408	0.0825	0.037	101.6900	-0.5600	3.5900
2.676	1.315	0.901	0.4259	0.054	102.0100	-0.6500	2.7700
1.204	1.029	0.541	0.3599	0.046	101.9700	-0.5500	3.6200
1.897	1.380	0.089	1.2596	0.050	101.7600	-0.9400	4.1900
1.330	1.114	0.100	0.1524	0.038	101.3900	-0.9100	4.9800
4.473	3.434	3.305	0.2662	0.143	101.6600	-0.4500	3.7800
1.505	1.459	2.334	0.2594	0.031	101.3000	-0.4200	4.3200
1.569	1.258	0.865	0.7478	0.044	101.0100	-1.2100	7.0800
3.375	2.539	7.655	0.1539	0.103	101.6200	-0.5900	4.4200
2.029	1.544	0.423	0.0838	0.054	100.8900	-0.6100	5.7100];
save fj2ptjfile