Y = [0.051750316	0.055803488	0.059968924	0.064232351	0.068579242	0.072664744	0.07681309	0.081010113	0.085241936	0.089494947	0.093755488	0.098009055	0.101939705	0.105835063	0.109669259	0.11369628	0.117304893	0.120746279	0.123980817	0.126703025	0.129415149	0.132070732	0.134121674	0.135806538	0.137350074	0.138484993	0.139435974	0.140183649	0.140486674	0.140567696	0.140417808	0.140244085	0.139821583	0.139148996	0.138428186	0.137452258	0.136418696	0.135511813	0.13434252	0.133101255	0.13178549	0.130393569	0.129098926	0.127721045	0.126260395	0.124883763	0.123421169	0.122035055	0.12056168	0.119159209	0.117669544	0.116246678	0.114737663	0.113439491	0.112052814	0.11058082	0.109308969	0.107950579	0.106646483	0.105258818	0.104059121	0.102775637	0.101542589	0.100229041	0.099094068	0.097878924	0.096711853	0.095591744	0.094395075	0.093367206	0.09226348	0.091205529	0.090074923	0.08910731	0.088067837	0.087073417	0.086010136	0.085104909	0.084131638	0.083202978	0.082318374	0.0813689	0.080464281	0.079604005	0.078787598	0.077909653	0.077076341	0.076287214	0.075439274	0.074636225	0.073877647	0.073163153	0.072392703	0.071667	0.070887361	0.070153067	0.069463746	0.068722667	0.068122884	0.067376735	0.066676626	0.066022204	0.06541314	0.064756237	0.064145168	0.063487805	0.062876707	0.062311565	0.061701792	0.061138381	0.060531708	0.059971766	0.059369863	0.058815027	0.058306971	0.057758346	0.057170171	0.056629662	0.056136535	0.055605108	0.055121335	0.054600316	0.0541272	0.053617843	0.05315662	0.052660115	0.052211957	0.051729435	0.051213337	0.050746208	0.050327795	0.049876733	0.04947456	0.049040542	0.048575378	0.048159638	0.047713496	0.047316904	0.046890625	0.04643529	0.046029958	0.045674402	0.045290505	0.044878851	0.044517393	0.044128792	0.043713602	0.04334898	0.04295834	0.042618336	0.042252865	0.04186243	0.041522955	0.041159032	0.04084612	0.040509258	0.040148905	0.039765511	0.03943364	0.0391531	0.038776268	0.038451205	0.038177719	0.037809382	0.037493034	0.03715575	0.036870462	0.036564625	0.03623861	0.035964788	0.035671153	0.035358056	0.035097335	0.034746174	0.034518877	0.034201805	0.033937432	0.033654923	0.03335459	0.033107098	0.032842081	0.032559837	0.032260661	0.032014594	0.031751869	0.031472764	0.031246883	0.031004884	0.030747034	0.030473594	0.030184822	0.029949617	0.029699314	0.02950255	0.029222652	0.028996518	0.028755989	0.028501297	0.02830044	0.028085628	0.02785708	0.027615013	0.027359641	0.027158366	0.026943973	0.026716666	0.026476646	0.026290865	0.026092548	0.025881885	0.025659064	0.025424273	0.025243932	0.025051782	0.024847997	0.024632755	0.024406227	0.024234336	0.024051307	0.023857302	0.023652486	0.023437019	0.023276355	0.023105174	0.022858504	0.022731872	0.02253005	0.022318311	0.022161584	0.02199506	0.021818879	0.021633181	0.0214381	0.02129816	0.021084638	0.020926363	0.020759079	0.020582912	0.020397988	0.020268365	0.02006622	0.019919475	0.019764312	0.019600848	0.0194292	0.019312997	0.019125249	0.018993035	0.018852948	0.018705095	0.018549583	0.018386516	0.018215999	0.018101134	0.017915954	0.017786503	0.017649877	0.017506172	0.017355485	0.017197908	0.017096122	0.016924985	0.016809707	0.016687791	0.016559324	0.016424393	0.016283084	0.016135481	0.015981667	0.015883825	0.015717783	0.01560777	0.015491766	0.01536985	0.015242098	0.015108586	0.014969389	0.014886289	0.014735895	0.01464165	0.014541918	0.014375243	0.01426479	0.014149058	0.014028115	0.013963376	0.013832165	0.013695941	0.013615989	0.013469885	0.013380096	0.013285462	0.013186044	0.013020884	0.012912118	0.012798747	0.012741728	0.012619281	0.012492401	0.012361144	0.012225567	0.012085724	0.011941668	0.011793457	0.011641153	0.011484855	0.011324777	0.011100965	0.010935365	0.010648635	0.010424851	0.010147415	0.009881758	0.009573678	0.009289867	0.008976944	0.008701379	0.008408915	0.008163984	0.007850115	0.007648154	0.007379169	0.007161458	0.00699292	0.006752047	0.006613914	0.006397153	0.006216866	0.006069411	0.005892257	0.005682218	0.005495076	0.005327759	0.005177401	0.004982813	0.004800257	0.004627488	0.004462458	0.004303303	0.004090242	0.003938012	0.003787057	0.003578309	0.003426393	0.003272398	0.003057869	0.002897227	0.002732116	0.00261922	0.002443286	0.002318367	0.002129662	0.001991013	0.001844952	0.001691204	0.001529531	0.001303072	0.001125063	0.000882131	0.000687233	0.000427383	0.000159009	-0.000117933	-0.000459524	-0.000865488	-0.00127965	-0.001757632	-0.002298735	-0.002846149	-0.003564013	-0.004281791	-0.005104079	-0.006022305	-0.007025964	-0.00804846	-0.009131892	-0.010263232	-0.011484153	-0.012729329	-0.013936527	-0.015153996	-0.01643198	-0.017610375	-0.018850542	-0.020049984	-0.021213805	-0.022347838	-0.023510208	-0.024603264	-0.025736863	-0.026813991	-0.027841115	-0.028824332	-0.029819894	-0.030731744	-0.031665648	-0.032525569	-0.033316174	-0.034140803	-0.034903512	-0.035607875	-0.036306111	-0.03695184	-0.037547749	-0.038144716	-0.038696162	-0.039252205	-0.039766219	-0.040192052	-0.040674583	-0.04107175	-0.041479915	-0.041852522	-0.042190557	-0.042494902	-0.042766348	-0.042958896	-0.043166712	-0.043297048	-0.043397099	-0.043467297	-0.043508024	-0.04351961	-0.043548349	-0.043502401	-0.043473904	-0.043417034	-0.043377576	-0.043309669	-0.043212995	-0.043132172	-0.043065425	-0.042964798	-0.042872183	-0.042738077	-0.042647946	-0.04250627	-0.042307957	-0.042093134	-0.041857529	-0.041597872	-0.041356811	-0.041043918	-0.040748781	-0.040427715	-0.040082444	-0.039759621	-0.039417181	-0.039057792	-0.038684182	-0.03834329	-0.037949223	-0.037592899	-0.037232448	-0.036914085	-0.036551775	-0.036191452	-0.035834824	-0.035483438	-0.03513869	-0.034801837	-0.034473998	-0.034156172	-0.03380574	-0.033510545	-0.033184316	-0.032871155	-0.032528287	-0.03224279	-0.031928515	-0.03162907	-0.031344719	-0.031032651	-0.030736168	-0.030455404	-0.030147575	-0.02989856	-0.029579898	-0.0293201	-0.02903363	-0.028763245	-0.028508895	-0.028227959	-0.027963005	-0.027713941	-0.027438239	-0.027178298	-0.026933996	-0.026705206	-0.026449535	-0.026209183	-0.025941826	-0.02573171	-0.025494367	-0.025229757	-0.025021881	-0.024786497	-0.024523553	-0.024316822	-0.024082278	-0.023861706	-0.023654943	-0.023420051	-0.023198709	-0.022990754	-0.022796022	-0.022572713	-0.022362371	-0.022164835	-0.021938402	-0.021766038	-0.021564525	-0.021375254	-0.021156647	-0.020950035	-0.020755268	-0.020572197	-0.020400675	-0.020199273	-0.020009185	-0.019830269	-0.019662383	-0.019464213	-0.019318	-0.019141281	-0.018933997	-0.018778242	-0.018591708	-0.018415366	-0.018249087	-0.018092747	-0.017946219	-0.017768447	-0.017600289	-0.017441625	-0.017292337	-0.017111461	-0.016939771	-0.016777154	-0.016582707	-0.016356374	-0.016138851	-0.015889286	-0.015648347	-0.015375204	-0.015069782	-0.014732005	-0.014321086	-0.013918531	-0.013443444	-0.01293854	-0.012368227	-0.011783968	-0.011163539	-0.010575475	-0.010015746	-0.009569699	-0.009246465	-0.009139776	-0.009261155	-0.009740914	-0.010537931	-0.011723258	-0.013273621	-0.015234124	-0.017554314	-0.020210797	-0.02320798	-0.026458929	-0.029911512	-0.033552185	-0.037248332	-0.041032418	-0.044821561	-0.048578887	-0.052273218	-0.055878699	-0.059374274	-0.062743094	-0.066011349	-0.069089982	-0.072050192	-0.074807828	-0.07743775	-0.079898322	-0.082227569	-0.084346734	-0.08633466	-0.088192313	-0.089881823	-0.091404824	-0.092841879	-0.094076999	-0.095230502	-0.096225745	-0.097104425	-0.097868807	-0.098521116	-0.099063523	-0.099498127	-0.099826941	-0.100051888	-0.100215183	-0.100237896	-0.100202573	-0.100070346	-0.0998836	-0.099602992	-0.09927103	-0.098847876	-0.09837619	-0.09781562	-0.097209004	-0.096515466	-0.095778051	-0.094997926	-0.094176199	-0.093270926	-0.092368866	-0.091384753	-0.090362445	-0.089302759	-0.088206464	-0.08702996	-0.085862326	-0.084660104	-0.083378848	-0.082108933	-0.080806074	-0.079470744	-0.078057339	-0.076658085	-0.075227566	-0.073812952	-0.07232116	-0.070799031	-0.069294468	-0.067712675	-0.066149435	-0.064557283	-0.062936379	-0.061335936	-0.059707579	-0.058001754	-0.056317568	-0.054655984	-0.052916825	-0.051200957	